<path
      fill="#000000"
      opacity="1.000000"
      stroke="none"
      d="
M520.468262,712.942627 
	C526.122803,711.665466 531.537659,710.607239 536.727478,708.874573 
	C540.845154,707.499939 544.128601,708.358704 547.450500,710.729370 
	C556.164856,716.948547 564.144226,724.034668 571.480469,731.778748 
	C574.270996,734.724426 576.948181,734.594910 579.913452,733.180542 
	C583.205322,731.610413 581.367432,728.894226 580.809753,726.617798 
	C579.621460,721.767395 578.417358,716.916565 577.037231,712.118408 
	C574.268250,702.491943 575.845825,703.958496 567.013245,702.951111 
	C568.717285,700.678833 589.943787,694.614929 595.034912,694.947754 
	C595.057373,695.254272 595.201233,695.751404 595.069214,695.840637 
	C588.435120,700.327637 588.419983,700.327087 590.444031,708.175171 
	C594.227051,722.843750 598.001648,737.514648 601.828125,752.171936 
	C604.079163,760.794617 604.121033,760.783691 612.249512,762.458069 
	C612.446716,764.503479 610.743713,764.429565 609.575562,764.649231 
	C600.876221,766.285522 592.536499,769.192810 584.087036,771.716919 
	C580.407227,772.816162 576.663818,773.423828 572.777527,773.374939 
	C560.980347,773.226562 554.501770,764.921692 557.278381,753.347046 
	C558.348816,748.885071 560.674744,745.062622 563.457336,741.621582 
	C556.616577,730.737061 531.714050,714.583191 523.727173,716.041504 
	C526.026367,721.082886 527.695923,726.148010 527.483032,731.816711 
	C526.874023,748.032654 508.554504,759.938416 493.491547,753.692993 
	C490.055786,752.268433 487.739929,749.881836 486.575623,746.300537 
	C484.360809,739.487976 486.022675,737.046509 493.187042,737.074219 
	C498.846832,737.096069 504.519623,737.121582 510.160278,737.519226 
	C513.752075,737.772339 514.868835,736.410706 514.911072,733.001953 
	C515.085449,718.924438 503.790649,710.923340 490.571472,715.859314 
	C489.276855,716.342712 488.013062,717.681213 486.489563,716.301331 
	C491.641693,706.461914 507.235779,704.883362 520.468262,712.942627 
M585.540955,743.922058 
	C584.309387,741.744690 585.251953,738.264343 581.869202,737.399048 
	C577.687744,736.329468 570.233948,740.561768 569.521484,744.815979 
	C568.227722,752.542053 569.965454,759.792175 574.865662,765.958679 
	C577.588562,769.385132 582.237000,769.444092 586.747253,766.963379 
	C590.595459,764.846802 590.041199,761.529846 589.258545,758.230957 
	C588.183472,753.699219 586.886597,749.220093 585.540955,743.922058 
M510.224243,749.817261 
	C512.354858,747.510071 514.128357,745.063232 513.636108,741.168579 
	C510.648773,741.168579 507.872681,741.149414 505.096954,741.172546 
	C499.112213,741.222290 497.759430,743.463318 500.803345,748.670532 
	C503.021912,752.465698 506.196686,752.507385 510.224243,749.817261 
zM518.849609,271.708069 
	C523.254639,271.515564 527.249512,271.202911 531.098877,272.750854 
	C533.819214,273.844818 536.048889,275.500702 537.492676,278.078552 
	C541.562134,285.344543 539.245178,289.410217 531.068481,289.331848 
	C525.403076,289.277527 519.735107,289.239716 514.074463,289.028412 
	C510.211365,288.884186 509.098053,290.712677 509.529266,294.271759 
	C511.332489,309.154480 520.734253,315.186188 534.915527,310.482513 
	C535.837585,310.176697 536.722595,309.556458 537.862366,310.228394 
	C538.656372,312.124603 536.928223,312.774597 535.895874,313.604828 
	C528.325317,319.693115 516.720459,320.698578 508.197296,315.563629 
	C504.899475,313.576813 501.961914,312.836823 498.366516,314.199432 
	C496.515747,314.900848 494.351044,314.844879 492.578217,315.669006 
	C484.438324,319.452972 477.899750,316.886169 471.839233,311.109253 
	C466.174194,305.709351 460.011414,300.813782 454.548035,295.226532 
	C451.016907,291.615417 447.686829,290.252411 442.454102,293.405731 
	C444.719238,302.020477 446.921753,310.988525 449.476746,319.855011 
	C450.687775,324.057465 455.047424,321.319183 457.866577,324.036072 
	C448.484680,326.376038 439.102814,328.716003 429.485657,331.114624 
	C429.410583,328.689026 430.673462,328.616974 431.495667,328.306610 
	C434.971344,326.994476 435.794189,324.650055 434.922089,321.157745 
	C431.535065,307.594177 428.276489,293.998566 424.974396,280.413849 
	C424.385040,277.989288 423.829590,275.556458 423.235291,273.133118 
	C421.087921,264.376862 421.084198,264.377777 412.963654,262.606689 
	C412.664093,261.231812 413.644867,260.766205 414.628510,260.634918 
	C425.577972,259.173370 435.690674,254.454712 446.516418,252.503418 
	C454.208191,251.117020 461.627869,251.549057 466.024689,258.826447 
	C470.434204,266.124908 468.553925,273.605865 464.084290,280.478577 
	C463.278961,281.716888 462.288788,282.835022 460.845856,284.706696 
	C473.206329,294.884979 483.522278,307.703094 501.257141,311.233978 
	C493.139069,290.136597 499.911804,275.460236 518.849609,271.708069 
M436.468323,270.127716 
	C437.744720,275.092377 439.041260,280.052032 440.287079,285.024384 
	C440.748566,286.866272 441.052643,288.401337 443.729248,288.197113 
	C451.902435,287.573364 456.050110,283.144592 455.749329,274.993561 
	C455.606354,271.118286 454.546539,267.483887 452.934052,264.004211 
	C449.943665,257.551025 445.814362,255.614365 439.841125,257.777496 
	C435.019287,259.523651 434.374359,261.632965 436.468323,270.127716 
M515.374329,285.472687 
	C517.530701,285.541840 519.687256,285.605621 521.843384,285.681427 
	C524.996887,285.792328 525.957275,284.410187 525.188171,281.330902 
	C524.425842,278.278839 523.551392,275.255493 519.963501,274.891693 
	C515.911865,274.480804 513.721985,277.350586 511.950012,280.524963 
	C510.261719,283.549316 511.074799,285.189911 515.374329,285.472687 
zM312.836670,482.949371 
	C311.150879,482.795074 311.287445,481.714142 311.557831,480.768799 
	C313.088867,475.415375 310.041473,473.236694 305.624817,471.652649 
	C291.687317,466.653839 277.837311,461.409210 263.872955,456.488068 
	C257.843597,454.363281 251.053177,449.103455 246.933426,460.507874 
	C246.488861,459.890778 246.044312,459.273682 245.599747,458.656586 
	C249.112213,448.922577 252.624680,439.188599 256.356873,428.845673 
	C257.457397,430.076355 257.876770,430.347137 257.842499,430.535431 
	C256.152283,439.828247 257.706299,439.383118 266.206238,442.640259 
	C271.625427,444.716858 277.165314,446.478516 283.357269,448.626373 
	C287.456421,437.715698 291.457886,427.065155 295.751221,415.637634 
	C287.572357,412.757935 279.831726,409.933990 272.015503,407.337494 
	C269.510101,406.505219 267.524261,407.676575 266.216064,410.041504 
	C265.536926,411.269226 265.233337,412.907196 261.979706,413.795776 
	C265.829987,403.088867 269.340393,393.327057 272.950317,383.288574 
	C274.074707,384.073578 274.573395,384.264893 274.567902,384.440399 
	C274.304993,392.851624 274.284302,392.894196 282.490479,395.925720 
	C295.757202,400.826813 309.035187,405.698242 322.335632,410.506805 
	C325.610901,411.690918 328.936401,412.855621 332.337067,413.543671 
	C336.773102,414.441193 336.345520,408.875916 340.649689,408.212097 
	C337.020020,418.001160 333.390350,427.790253 329.508026,438.260651 
	C328.429565,436.931549 328.050629,436.680969 328.058289,436.442810 
	C328.346954,427.479919 328.359283,427.459106 319.456177,424.274231 
	C313.072571,421.990601 306.880585,419.123077 299.657013,417.502136 
	C295.993927,427.643005 292.412354,437.627838 288.768036,447.589722 
	C288.021057,449.631592 288.768311,450.781830 290.626282,451.458466 
	C298.283569,454.247192 305.959656,456.985077 313.599213,459.821381 
	C316.582001,460.928802 318.275543,459.586304 319.746429,457.191620 
	C320.539246,455.900848 320.423981,453.789673 324.034790,453.397552 
	C320.602173,463.713104 316.898438,473.260925 312.836670,482.949371 
zM767.405884,570.390259 
	C772.966064,571.978455 773.193054,566.094177 777.435364,565.010681 
	C773.955933,574.763733 770.476501,584.516785 767.061951,594.087891 
	C765.487610,593.996521 765.201050,593.422363 765.255371,592.704529 
	C765.880310,584.439148 765.897705,584.407227 758.156311,581.697815 
	C752.203918,579.614563 746.218262,577.626160 739.840759,575.457275 
	C735.445374,585.648804 732.110840,595.896729 728.619385,606.082764 
	C727.886719,608.220459 729.314575,609.122803 731.019348,609.724121 
	C737.302551,611.940430 743.564941,614.220581 749.888794,616.315002 
	C753.279968,617.438232 756.152527,616.821228 757.649353,613.059998 
	C758.117920,611.882690 758.586670,610.518677 761.349976,610.724976 
	C757.697571,620.748352 754.176819,630.410461 750.656067,640.072632 
	C750.217224,639.948547 749.778320,639.824463 749.339478,639.700378 
	C749.258972,639.084473 748.947144,638.385498 749.133850,637.865540 
	C750.985657,632.707153 748.135742,630.605225 743.816345,629.099365 
	C729.822266,624.220520 715.872375,619.214722 701.905396,614.258118 
	C700.022034,613.589722 698.113586,612.984558 696.259216,612.243774 
	C691.743286,610.439758 687.772644,610.126526 685.622192,615.677795 
	C685.407227,616.232849 684.861755,616.799377 682.907166,616.205078 
	C686.368225,606.473694 689.814270,596.784607 693.169739,587.350220 
	C695.075012,587.421265 695.148315,588.223328 695.079407,588.801025 
	C694.160400,596.507751 694.141479,596.520142 701.248901,599.141724 
	C708.257812,601.727112 715.278687,604.280090 722.427368,606.895996 
	C725.362488,603.649902 725.952576,599.764587 727.295288,596.278320 
	C729.628296,590.220947 731.635498,584.037903 733.979431,577.985046 
	C735.135498,574.999695 734.480103,573.364624 731.406006,572.314880 
	C724.946350,570.109253 718.517212,567.799438 712.155762,565.326050 
	C707.514099,563.521179 704.013733,563.960754 702.244446,569.211548 
	C702.092712,569.661621 701.742371,570.075500 701.396606,570.417603 
	C701.192749,570.619324 700.816345,570.646545 698.862671,571.337219 
	C702.665466,560.525085 706.105164,550.745483 709.683533,540.571594 
	C710.733704,541.474731 711.177612,541.680847 711.173950,541.878662 
	C711.016113,550.374756 711.016357,550.360352 719.493347,553.369690 
	C735.344604,558.996887 751.189392,564.642395 767.405884,570.390259 
zM312.085968,595.993774 
	C314.800842,595.008118 317.127686,594.088074 319.503387,593.318787 
	C323.890442,591.898071 327.621948,589.984619 326.664062,584.061768 
	C327.130035,584.046143 327.596039,584.030579 328.062042,584.014954 
	C330.819580,591.270325 333.577148,598.525696 336.334686,605.781006 
	C336.009399,606.350830 335.684113,606.920593 335.358826,607.490356 
	C330.784393,599.822205 325.565002,603.668152 320.627716,605.444458 
	C304.645233,611.194519 288.705994,617.066284 272.781769,622.976440 
	C265.645782,625.624817 265.547791,625.976196 267.720856,632.922913 
	C266.234558,634.318665 265.289978,632.991577 264.405151,632.140442 
	C261.162903,629.021484 258.005951,625.814026 254.789749,622.667603 
	C251.832336,619.774475 252.569931,617.863342 256.260742,616.532593 
	C266.289185,612.916687 276.310913,609.281250 286.307404,605.578247 
	C288.455139,604.782715 290.821533,604.389160 292.670380,602.683899 
	C292.003693,600.454956 289.767670,600.112488 288.292511,598.929260 
	C283.223694,594.863708 279.642548,589.898193 280.310699,583.146790 
	C280.990265,576.280273 285.887238,572.976074 291.965759,570.899902 
	C297.321503,569.070740 302.573212,566.939331 307.900360,565.023376 
	C312.372101,563.415039 316.968658,562.003174 316.787964,555.413513 
	C320.820892,562.502258 323.369690,569.788330 325.026611,578.126465 
	C320.696442,571.823242 315.924988,574.702881 311.269226,576.421387 
	C306.427673,578.208496 301.543213,579.899658 296.791626,581.903320 
	C293.390869,583.337341 290.911072,585.710022 291.160004,589.888489 
	C291.432465,594.462341 293.943665,597.605042 297.573059,600.030701 
	C298.842255,600.878967 300.126343,600.369812 301.396576,599.900208 
	C304.832916,598.629578 308.278198,597.383240 312.085968,595.993774 
zM710.604736,452.503418 
	C715.969177,450.541321 721.002441,448.798523 725.951904,446.843292 
	C729.565735,445.415680 732.442200,443.053192 732.184448,438.746796 
	C731.917725,434.290375 729.454102,430.950012 725.689514,428.657959 
	C724.120850,427.702850 722.468201,428.431702 720.880005,428.980804 
	C714.590759,431.155243 708.277161,433.260254 702.004089,435.479950 
	C698.259888,436.804810 695.480957,438.965607 696.590332,443.988556 
	C693.522156,441.496704 687.912354,426.428345 688.178223,421.116974 
	C692.171997,427.650909 696.895508,425.025787 701.513184,423.389557 
	C717.505493,417.722687 733.488403,412.029358 749.480103,406.360748 
	C757.862976,403.389282 757.867859,403.403046 756.244812,395.337189 
	C760.341125,396.095062 762.097168,399.540771 764.511414,401.944794 
	C773.049988,410.447571 772.976013,410.483643 761.593872,414.441254 
	C751.105530,418.088104 740.641357,421.804565 729.142395,425.850708 
	C732.754700,428.096344 735.549988,429.811432 737.807434,432.182983 
	C746.726501,441.553070 744.413269,452.484833 732.413818,457.159790 
	C726.837036,459.332520 721.169739,461.276978 715.517334,463.250031 
	C710.924866,464.853088 706.039001,466.091064 706.817749,473.006134 
	C706.276184,472.979614 705.734619,472.953064 705.192993,472.926544 
	C702.631226,465.747314 700.069458,458.568054 697.507690,451.388824 
	C697.815857,450.818207 698.123962,450.247620 698.432068,449.677002 
	C701.745056,455.569061 705.976624,454.216248 710.604736,452.503418 
zM701.143555,647.845215 
	C692.709351,641.062805 683.837708,636.491089 672.935120,638.226379 
	C658.015198,640.601013 649.722412,653.987915 653.920959,668.638184 
	C654.672058,671.259216 656.168945,673.749695 655.940002,677.661682 
	C650.847961,674.051147 647.466675,670.075989 644.453918,665.755493 
	C643.722534,664.706543 644.229675,663.474304 644.650574,662.386841 
	C650.570801,647.088379 660.310913,635.289062 676.032288,629.473572 
	C689.471802,624.502136 701.647156,627.342957 712.149353,636.945679 
	C722.426941,646.342957 725.457275,658.247925 722.710205,671.535400 
	C719.680237,686.191711 710.540710,696.778992 698.713623,705.344971 
	C696.395935,707.023621 694.266846,707.202393 691.884521,705.436157 
	C687.963013,702.528748 683.595886,700.190735 680.044373,696.736816 
	C681.544739,694.917175 682.977722,695.536926 684.079102,695.975098 
	C695.967834,700.705322 706.959229,695.501221 712.657776,686.191040 
	C717.973389,677.506287 716.652771,665.232727 709.060181,655.947388 
	C706.753052,653.125916 703.976257,650.688538 701.143555,647.845215 
zM340.907135,325.079987 
	C342.302307,326.184998 343.791687,326.831970 343.484650,329.090302 
	C339.799805,328.461212 336.278717,327.761475 332.728699,327.271210 
	C317.701782,325.195892 305.273407,340.298798 308.590637,355.675903 
	C311.987579,371.422333 331.260193,386.888092 347.302032,386.771881 
	C363.742310,386.652802 374.530487,372.142822 370.066925,356.277679 
	C369.323151,353.634003 367.703705,351.173157 367.887909,348.160980 
	C376.569244,350.896179 380.798279,360.041748 377.067719,367.560364 
	C370.928894,379.932648 362.075470,389.737793 349.021332,394.728790 
	C335.034637,400.076324 322.087372,397.771759 311.184357,387.100098 
	C299.845245,376.001617 297.759491,362.689575 302.535980,347.989014 
	C306.348358,336.255707 314.442780,327.781433 323.832550,320.279175 
	C327.373291,317.450134 330.562836,317.253143 334.073517,320.275757 
	C336.082489,322.005402 338.420135,323.353333 340.907135,325.079987 
zM650.885132,695.144165 
	C656.462402,702.858032 661.913757,710.222351 667.166748,717.725525 
	C669.954651,721.707764 672.841492,724.408936 677.782166,720.923279 
	C678.347107,720.524719 679.053284,720.777710 680.038696,722.089233 
	C672.054688,727.804138 664.086365,733.507812 656.117981,739.211487 
	C655.547363,739.027161 654.976685,738.842834 654.406067,738.658508 
	C662.735352,731.397949 656.372803,726.661621 652.656616,721.478699 
	C644.795166,710.514526 636.941589,699.544678 629.053223,688.599915 
	C623.341431,680.675110 623.318787,680.691467 614.148682,681.037476 
	C622.003479,675.280029 629.858337,669.522644 637.880432,663.642578 
	C638.423035,664.807068 638.737061,665.291992 638.666504,665.356506 
	C633.402161,670.173401 635.559875,674.499023 639.210327,679.098572 
	C643.244385,684.181641 646.872070,689.587219 650.885132,695.144165 
zM409.484344,343.884796 
	C401.756012,349.939819 394.026001,355.649780 386.296021,361.359741 
	C385.594818,361.077667 384.893646,360.795593 384.192444,360.513519 
	C393.155579,353.322449 386.453430,348.465179 382.897858,343.339661 
	C374.930817,331.854767 366.668671,320.574432 358.715759,309.080017 
	C355.404419,304.294067 352.413849,299.552307 345.102234,304.564240 
	C345.007538,303.875488 344.912872,303.186707 344.818176,302.497955 
	C352.666962,296.884064 360.515747,291.270172 368.499146,285.559967 
	C369.004395,286.575409 369.165833,286.812897 369.132263,286.844727 
	C363.054413,292.608368 367.118042,297.154999 370.679657,302.073059 
	C379.463501,314.202209 388.113617,326.431946 396.599365,338.771301 
	C399.592987,343.124359 402.399261,346.691376 408.174683,343.084534 
	C408.420197,342.931244 409.038208,343.374420 409.484344,343.884796 
zM394.194641,672.307373 
	C393.623627,676.826721 395.649567,678.035095 399.423706,677.679504 
	C403.573242,677.288574 407.412689,678.334412 410.564728,681.139038 
	C413.694763,683.924072 416.020447,687.022583 413.858795,691.602966 
	C411.684021,696.211243 408.030182,697.954529 403.247711,696.998474 
	C398.033447,695.956177 392.861450,694.638306 387.752441,693.159485 
	C385.009521,692.365540 383.344116,693.119385 381.941833,695.447205 
	C379.967224,698.725037 377.589569,701.788940 376.460907,705.505127 
	C375.857147,707.492981 375.800201,709.566040 377.766113,710.931274 
	C379.643707,712.235168 381.652924,711.868530 383.364563,710.609192 
	C384.962433,709.433533 386.370300,707.992615 387.820160,706.624329 
	C390.365936,704.221802 393.117706,703.138306 396.363556,705.237488 
	C398.561523,706.658997 400.541107,708.481506 399.733978,711.320679 
	C398.728973,714.855896 395.611023,715.946167 392.326202,716.240479 
	C385.681854,716.835815 379.364746,715.442200 373.526398,712.292053 
	C365.886475,708.169922 364.117035,701.693298 368.671417,694.321777 
	C371.996765,688.939575 375.686859,683.783813 379.169250,678.497375 
	C382.994354,672.690613 382.839935,671.635559 377.767426,667.395813 
	C382.243896,664.576416 391.663269,667.164307 394.194641,672.307373 
M387.043732,688.642578 
	C389.345612,690.980957 392.342224,690.806274 395.234558,690.789551 
	C398.105103,690.773010 399.880920,689.073792 400.446869,686.385193 
	C401.008240,683.718079 399.468994,681.945190 397.176025,680.930237 
	C394.644257,679.809753 392.366302,680.082397 390.747559,682.686401 
	C389.617096,684.505005 388.387543,686.261963 387.043732,688.642578 
zM636.989868,320.152100 
	C635.680786,321.213409 634.720276,322.230560 633.540527,322.737549 
	C630.379822,324.095734 625.846497,322.095734 624.934143,318.892242 
	C623.847595,315.077209 625.754578,312.567444 629.306946,311.821686 
	C638.830261,309.822418 647.527832,312.175812 654.870178,318.370209 
	C659.006531,321.859863 659.223083,327.116211 655.964050,332.501953 
	C652.870483,337.614410 649.309143,342.444489 645.938904,347.388763 
	C640.947021,354.711914 640.941528,354.708160 646.793640,361.298126 
	C641.252075,361.364777 636.513367,360.600983 631.974304,358.809296 
	C631.093140,358.461456 630.034363,356.963867 630.100830,356.074524 
	C630.538086,350.218292 626.752808,350.053436 622.532593,349.858551 
	C618.976379,349.694305 615.737671,348.248322 613.065613,345.834412 
	C610.156189,343.206116 608.463623,340.138824 610.167786,336.092377 
	C611.933289,331.900055 615.114624,329.662567 619.591858,330.423462 
	C625.145813,331.367310 630.642151,332.735779 636.086121,334.206848 
	C639.013733,334.998016 640.908203,334.153107 642.381775,331.721069 
	C643.931580,329.163361 645.664612,326.700714 647.013855,324.042328 
	C648.247253,321.612122 648.993469,318.807648 646.571228,316.688904 
	C643.963928,314.408356 641.592896,316.354095 639.383057,317.803284 
	C638.566406,318.338806 637.947510,319.175812 636.989868,320.152100 
M623.476257,340.873901 
	C623.206482,344.575745 625.132996,346.650818 628.626343,346.771729 
	C634.258850,346.966766 634.666809,341.827850 637.250122,338.576538 
	C629.102112,335.296600 627.155273,335.575592 623.476257,340.873901 
zM602.504517,290.139832 
	C607.038147,291.028748 610.953613,292.391998 614.528809,294.616089 
	C620.247314,298.173492 622.013550,303.893066 619.603333,310.214478 
	C618.430725,313.289825 616.812622,314.427002 613.541504,312.979645 
	C607.759277,310.421173 601.786499,308.283936 596.057922,305.616974 
	C591.860352,303.662720 590.179260,305.132019 588.961670,309.161591 
	C585.006287,322.252289 592.055542,332.288300 605.710815,332.727539 
	C606.961426,332.767761 608.405945,332.279449 609.807129,334.473541 
	C604.956055,337.144684 600.009521,337.924042 594.784668,336.726685 
	C581.718201,333.732269 573.352722,322.915100 574.964661,311.305817 
	C576.764099,298.345978 588.099976,289.466095 602.504517,290.139832 
M597.810181,295.158142 
	C596.271179,296.601105 594.344971,297.751282 593.938049,300.366089 
	C597.052246,302.869812 600.980225,303.691864 604.580322,305.183136 
	C606.416687,305.943848 607.311890,304.927612 607.870300,303.269592 
	C608.810486,300.478363 609.320679,297.678558 606.998352,295.369202 
	C604.399292,292.784637 601.419556,292.813965 597.810181,295.158142 
zM438.758728,732.919373 
	C428.980225,738.993835 419.539703,738.429321 410.190155,732.884338 
	C406.405670,730.639893 403.923492,727.397888 403.751678,722.835571 
	C403.466248,715.256592 406.679657,712.914246 413.542175,715.623047 
	C418.645386,717.637512 423.812439,719.519287 428.794891,721.801147 
	C432.594086,723.541077 434.198975,722.137939 435.354126,718.602112 
	C439.711243,705.265381 432.555420,695.000732 418.336456,694.346680 
	C417.207062,694.294739 415.986298,694.584229 414.495941,693.145447 
	C419.774445,689.499634 425.333069,689.410217 430.915802,690.980469 
	C439.944580,693.520081 446.949493,698.680786 449.010895,708.338623 
	C451.182129,718.511292 447.155670,726.529907 438.758728,732.919373 
M430.244812,726.820374 
	C426.582581,724.126953 422.300629,723.021179 418.116150,721.743469 
	C415.419769,727.180359 415.593170,730.749634 418.495026,732.760193 
	C421.648376,734.945007 426.297638,733.667480 429.377197,729.695312 
	C429.865112,729.065918 430.066345,728.214294 430.244812,726.820374 
zM313.933105,632.825439 
	C312.307587,636.402344 307.956116,639.236816 311.659088,643.313782 
	C315.248596,647.265686 319.835327,646.295959 324.189331,644.747070 
	C327.977661,643.399475 331.360107,641.253906 334.412048,638.614990 
	C343.298340,630.931274 343.081085,619.311951 333.949036,611.897278 
	C332.599548,610.801636 330.588531,610.307678 330.226654,608.161316 
	C331.275696,606.582153 332.663300,607.400757 333.813293,607.721741 
	C345.546112,610.997253 353.977509,625.578857 350.707703,636.839844 
	C346.982452,649.669495 334.175079,656.664001 321.264374,652.733521 
	C312.449066,650.049744 306.387115,644.186218 302.802399,635.739868 
	C302.415680,634.828674 302.111359,633.848389 301.975037,632.871277 
	C301.502258,629.482971 301.401611,626.137329 304.579407,623.813110 
	C306.700775,622.261597 308.962250,622.324646 311.101898,623.751709 
	C314.288574,625.877075 315.098907,628.891785 313.933105,632.825439 
zM672.513306,401.158813 
	C669.855774,385.419342 684.163391,371.558167 699.312561,374.702789 
	C710.684814,377.063416 719.804932,385.964172 721.631836,396.336090 
	C722.310730,400.190338 721.434631,403.296143 717.894897,405.254486 
	C715.266724,406.708496 713.001221,405.623657 711.176697,403.681519 
	C708.449890,400.778809 708.142334,397.622650 710.343018,394.139099 
	C712.001709,391.513367 715.415344,389.139893 712.352966,385.390717 
	C709.198181,381.528381 705.086060,381.813293 700.928589,383.000519 
	C696.218201,384.345673 692.084961,386.796875 688.544312,390.216858 
	C679.767700,398.694275 680.333435,409.115997 689.964294,416.774811 
	C691.200806,417.758118 693.030945,418.282318 693.100037,420.324768 
	C685.992371,422.482727 674.211548,410.986084 672.513306,401.158813 
zM556.308899,284.778870 
	C557.386169,290.107941 561.353210,292.878296 564.669189,296.073486 
	C573.209534,304.302826 574.047363,312.126526 566.941528,318.867004 
	C560.469666,325.006134 547.039551,324.303284 540.869202,317.502533 
	C538.697815,315.109283 539.624390,308.013123 542.691833,303.773560 
	C544.834412,304.611633 544.553894,306.735931 545.044739,308.382996 
	C546.116699,311.979767 547.732910,315.260040 550.746216,317.557159 
	C553.012207,319.284576 555.664429,321.001678 558.436279,318.710907 
	C561.050720,316.550232 561.263672,313.528564 560.073486,310.485931 
	C558.228088,305.768219 554.006226,303.061340 550.608337,299.682434 
	C547.669739,296.760254 545.493408,293.672089 545.614990,289.243164 
	C545.795410,282.668457 549.280884,278.126434 555.775330,276.941467 
	C561.533691,275.890778 567.037720,277.077728 572.272888,279.587463 
	C574.708069,280.754883 575.796692,282.610657 574.866394,285.286469 
	C574.025330,287.705566 574.191650,290.541229 571.331421,293.382538 
	C570.330322,287.730438 568.152710,283.403137 563.702454,280.730133 
	C559.398987,278.145233 557.264954,279.228668 556.308899,284.778870 
zM452.891113,734.690491 
	C454.884003,739.340332 456.418823,743.979126 461.295044,746.225159 
	C463.258057,747.129272 465.254578,748.227539 467.232544,746.153503 
	C469.025177,744.273804 468.643402,742.257751 467.826569,740.119446 
	C466.781097,737.382568 464.850006,735.337402 462.791504,733.376282 
	C460.982330,731.652710 459.082642,730.017456 457.354279,728.217102 
	C453.403076,724.101318 451.336273,719.442993 453.597595,713.695740 
	C455.963898,707.681702 460.438690,704.440552 466.801941,703.775269 
	C470.345703,703.404724 473.760986,704.059143 477.089142,705.296875 
	C486.087006,708.643127 487.671722,714.443665 481.761566,722.653625 
	C479.913849,721.843201 480.052094,720.003174 479.610718,718.481018 
	C478.411255,714.344604 476.220612,710.866150 472.619446,708.448730 
	C470.606750,707.097595 468.209900,706.297607 466.079010,707.901489 
	C463.780792,709.631531 463.082153,712.232971 463.836548,715.053955 
	C464.693390,718.257874 467.000244,720.469727 469.303864,722.659485 
	C471.476410,724.724609 473.841217,726.622375 475.794281,728.877136 
	C482.442932,736.552673 479.131622,746.987122 469.359985,749.622620 
	C463.354126,751.242493 457.757935,749.805054 452.470123,747.164490 
	C448.612640,745.238220 448.783661,740.798218 452.891113,734.690491 
zM328.264404,665.704041 
	C330.216187,662.754211 332.506927,661.355286 335.674408,662.566406 
	C338.545288,663.664246 339.577789,666.044556 339.501984,668.945496 
	C339.441162,671.273010 339.773468,673.196777 342.387817,674.082520 
	C345.186493,675.030762 347.477753,674.742065 349.638245,672.515137 
	C354.273682,667.737122 359.117920,663.162048 363.767059,658.396912 
	C368.165558,653.888672 368.171692,652.626831 364.466461,647.271729 
	C363.939301,646.509827 362.894623,645.857422 364.227173,644.009583 
	C371.369049,649.943237 377.289673,656.898071 383.545502,664.090515 
	C376.225952,660.921082 372.853577,666.122681 368.939270,669.930847 
	C365.360291,673.412842 361.823090,676.939697 358.333313,680.511108 
	C353.820404,685.129578 353.948669,686.030212 359.327179,689.976196 
	C359.680084,690.235107 359.851196,690.741760 360.237000,691.332397 
	C358.658936,692.920837 357.115692,691.899536 355.672455,691.443970 
	C353.611633,690.793396 351.608398,689.961426 349.550781,689.299377 
	C341.023834,686.555725 341.019745,686.568420 342.830353,677.954895 
	C335.807373,676.725281 326.785797,677.497192 328.264404,665.704041 
zM689.935303,351.664032 
	C694.069214,352.983551 696.170776,355.488800 696.287415,359.478210 
	C696.397156,363.231659 694.471985,365.695679 690.851440,366.034729 
	C687.322327,366.365265 685.315491,363.968750 684.802429,360.649261 
	C684.380310,357.917999 685.027405,355.090454 681.205078,353.885925 
	C677.359619,352.674072 675.279297,354.628510 672.986877,356.948517 
	C669.004517,360.978882 664.915405,364.903503 660.898132,368.899597 
	C655.678040,374.091980 655.632141,374.616669 659.544067,380.706268 
	C660.059265,381.508331 660.981018,382.236359 659.384644,384.235535 
	C653.138000,377.678528 646.990479,371.225616 640.843018,364.772705 
	C647.575378,366.660736 650.863159,362.041748 654.572327,358.526367 
	C658.563354,354.743866 662.517883,350.917816 666.365173,346.990143 
	C670.606812,342.659912 670.481018,342.019775 665.542664,338.334930 
	C665.045349,337.963837 664.693665,337.397675 664.325928,336.980469 
	C665.053223,335.181213 666.262451,335.669922 667.331787,336.046204 
	C670.316772,337.096558 673.273315,338.227722 676.244812,339.316895 
	C683.927307,342.132996 683.928101,342.130890 680.901184,350.062592 
	C683.820129,350.569366 686.679565,351.065796 689.935303,351.664032 
zM748.109741,514.845215 
	C743.494080,521.237305 738.006775,523.517700 732.142212,521.746460 
	C726.642151,520.085327 722.231140,514.427307 722.041199,508.789886 
	C721.847290,503.034729 725.334412,497.493164 730.802856,495.527100 
	C736.191589,493.589722 741.442871,494.176239 745.576660,498.371307 
	C750.123901,502.985962 750.633606,508.581451 748.109741,514.845215 
zM300.274841,521.760376 
	C298.479065,529.332336 294.589508,533.348083 288.613708,534.203918 
	C282.998077,535.008118 277.170959,531.998230 274.447723,526.886719 
	C271.588623,521.520203 272.274750,515.652283 276.290649,511.125946 
	C279.992279,506.953857 286.127747,505.343719 291.315887,507.182800 
	C296.791229,509.123749 300.103394,514.345093 300.274841,521.760376 
z"
    ></path>